[Tue Dec 30 12:21:12 2025
] OBS,4.89362,0,0,-0.776,0.9,0,0,9999,0,0,0,0,0,0,1,0,0,0.001000,0
[Tue Dec 30 12:21:12 2025
] OBS,9.89362,0,0,-0.776,0.9,0,0,9999,0,0,0,0,0,0,1,0,0,0.001000,0
[Tue Dec 30 12:21:12 2025
] OBS,14.9093,0,0,-0.776,0.9,0,0,9999,0,0,0,0,0,0,1,0,0,0.001000,0
[Tue Dec 30 12:21:12 2025
] OBS,19.926,0,0,-0.789,0.9,0,0,9999,0,0,0,0,0,0,1,0,0,0.001000,0
[Tue Dec 30 12:21:12 2025
] OBS,24.926,0,0,-0.776,0.9,0,0,9999,0,0,0,0,0,0,1,0,0,0.001000,0
[Tue Dec 30 12:21:12 2025
] OBS,29.9295,0,0,-0.776,0.9,0,0,9999,0,0,0,0,0,0,1,0,0,0.001000,0
[Tue Dec 30 12:21:12 2025
] OBS,34.9312,0,0,-0.776,0.9,0,0,9999,0,0,0,0,0,0,1,0,0,0.001000,0
[Tue Dec 30 12:21:12 2025
] OBS,39.9312,0,0,-0.776,0.9,0,0,9999,0,0,0,0,0,0,1,0,0,0.001000,0
[Tue Dec 30 12:21:12 2025
] OBS,44.9312,0,0,-0.776,0.9,0,0,9999,0,0,0,0,0,0,1,0,0,0.001000,0
[Tue Dec 30 12:21:13 2025
] OBS,49.9312,0,0,-0.776,0.9,0,0,9999,0,0,0,0,0,0,1,0,0,0.001000,0
[Tue Dec 30 12:21:13 2025
] OBS,54.9312,0,0,-0.776,0.9,0,0,9999,0,0,0,0,0,0,1,0,0,0.001000,0
[Tue Dec 30 12:21:13 2025
] OBS,59.9312,0,0,-0.776,0.9,0,0,9999,0,0,0,0,0,0,1,0,0,0.001000,0
[Tue Dec 30 12:21:13 2025
] The player has jumped 1 times!
[Tue Dec 30 12:21:13 2025
] OBS,64.9313,0,0,5.59,0.9,0,0,9999,0,0,0,0,0,0,1,0,0,0.001000,0
[Tue Dec 30 12:21:13 2025
] OBS,69.9313,0,0,5.59,0.9,0,0,9999,0,0,0,0,0,0,1,0,0,0.001000,0
[Tue Dec 30 12:21:13 2025
] OBS,74.9313,0,0,5.59,0.9,0,0,9999,0,0,0,0,0,0,1,0,0,0.001000,0
[Tue Dec 30 12:21:13 2025
] OBS,79.9341,0,0,3.261,0.9,0,0,9999,0,0,0,0,0,0,1,0,0,0.001000,0
[Tue Dec 30 12:21:13 2025
] OBS,84.9435,0,0,-0.626,0.9,0,0,9999,0,0,0,0,0,0,1,0,0,0.001000,0
